2.9285816101396063 2.983537212810376
2.9285816101396063 2.983537212810376
20.004246044967147 21.45771620585158
18.77025048260043 20.431324437421036
18.77025048260043 20.431324437421036
12.506096676645761 15.879445245748958
11.373648188156427 15.240026490990354
0 0
0 0
96.26142912941144 104.14340801122967
3.2861767345825066 3.715986610775048
3.2861767345825066 3.715986610775048
3.2861767345825066 3.715986610775048
3.2861767345825066 3.715986610775048
3.2861767345825066 3.715986610775048
3.2861767345825066 3.715986610775048
3.2861767345825066 3.715986610775048
3.2861767345825066 3.715986610775048
3.2861767345825066 3.715986610775048
3.2861767345825066 3.715986610775048
3.2861767345825066 3.715986610775048
3.2861767345825066 3.715986610775048
3.2861767345825066 3.715986610775048
3.2861767345825066 3.715986610775048
3.2861767345825066 3.715986610775048
3.2861767345825066 3.715986610775048
3.2861767345825066 3.715986610775048
3.2861767345825066 3.715986610775048
3.2861767345825066 3.715986610775048
3.2861767345825066 3.715986610775048
3.2861767345825066 3.715986610775048
3.2861767345825066 3.715986610775048
3.2861767345825066 3.715986610775048
3.2861767345825066 3.715986610775048
3.2861767345825066 3.715986610775048
3.2861767345825066 3.715986610775048
3.2861767345825066 3.715986610775048
3.2861767345825066 3.715986610775048
3.2861767345825066 3.715986610775048
3.2861767345825066 3.715986610775048
3.2861767345825066 3.715986610775048
3.2861767345825066 3.715986610775048
3.2861767345825066 3.715986610775048
3.2861767345825066 3.715986610775048
3.2861767345825066 3.715986610775048
3.2861767345825066 3.715986610775048
3.2861767345825066 3.715986610775048
3.2861767345825066 3.715986610775048
3.2861767345825066 3.715986610775048
3.2861767345825066 3.715986610775048
3.2861767345825066 3.715986610775048
3.2861767345825066 3.715986610775048
3.2861767345825066 3.715986610775048
3.2861767345825066 3.715986610775048
3.2861767345825066 3.715986610775048
3.2861767345825066 3.715986610775048
3.2861767345825066 3.715986610775048
3.2861767345825066 3.715986610775048
3.2861767345825066 3.715986610775048
3.2861767345825066 3.715986610775048
